%VisualHullMeshAloy
close all
clear all
drawnow

if 3 ~= exist( 'VisualHullTriMeshMex', 'file' ) 
   disp('The mex file VisualHullTriMeshMex needs to be created for your system') 
   disp('Press any key to try to do this')
   pause
   CompileVisualHullTriMeshMex;
end
    
cameraVec(1).efl = 1620.8664;
cameraVec(1).u0 = 960;
cameraVec(1).v0 = 671;
cameraVec(1).pose = [-0.961772 0.159787 -0.222401 -0.150126; 0.036968 0.880448 0.472700 1.461495; 0.271344 0.446408 -0.852697 2.351219; 0.000000 0.000000 0.000000 1.000000];
cameraVec(2).efl = 1620.8664;
cameraVec(2).u0 = 960;
cameraVec(2).v0 = 671;
cameraVec(2).pose = [-0.927182 0.220977 -0.302494 -0.264721; -0.033320 0.755641 0.654138 1.726647; 0.373126 0.616584 -0.693254 2.716711; 0.000000 0.000000 0.000000 1.000000];
cameraVec(3).efl = 1620.8664;
cameraVec(3).u0 = 960;
cameraVec(3).v0 = 671;
cameraVec(3).pose = [-0.945906 0.190475 -0.262641 -0.207918; 0.272523 0.905727 -0.324637 -0.036745; 0.176046 -0.378652 -0.908642 2.156258; 0.000000 0.000000 0.000000 1.000000];
cameraVec(4).efl = 1620.8664;
cameraVec(4).u0 = 960;
cameraVec(4).v0 = 671;
cameraVec(4).pose = [-0.414140 0.547192 -0.727371 -0.913363; 0.101640 0.821925 0.560454 1.575719; 0.904521 0.158176 -0.396008 2.874766; 0.000000 0.000000 0.000000 1.000000];
cameraVec(5).efl = 1620.8664;
cameraVec(5).u0 = 960;
cameraVec(5).v0 = 671;
cameraVec(5).pose = [-0.961805 0.159847 -0.222215 -0.149267; 0.037119 0.880452 0.472680 1.460631; 0.271206 0.446377 -0.852757 2.357875; 0.000000 0.000000 0.000000 1.000000];
cameraVec(6).efl = 1620.8664;
cameraVec(6).u0 = 960;
cameraVec(6).v0 = 671;
cameraVec(6).pose = [0.999906 -0.001433 0.013599 -0.135833; -0.007137 0.793618 0.608374 1.661240; -0.011664 -0.608414 0.793534 4.705032; 0.000000 0.000000 0.000000 1.000000];
cameraVec(7).efl = 1620.8664;
cameraVec(7).u0 = 960;
cameraVec(7).v0 = 671;
cameraVec(7).pose = [-0.985439 -0.108350 0.131035 0.326951; -0.006754 0.795000 0.606572 1.660377; -0.169895 0.596854 -0.784156 2.614698; 0.000000 0.000000 0.000000 1.000000];
cameraVec(8).efl = 1620.8664;
cameraVec(8).u0 = 960;
cameraVec(8).v0 = 671;
cameraVec(8).pose = [0.991418 0.084012 -0.100163 -0.287970; -0.007049 0.799412 0.600742 1.651466; 0.130542 -0.594881 0.793143 4.691044; 0.000000 0.000000 0.000000 1.000000];
cameraVec(9).efl = 1620.8664;
cameraVec(9).u0 = 960;
cameraVec(9).v0 = 671;
cameraVec(9).pose = [-0.609268 -0.482570 0.629221 0.937798; -0.336675 0.875857 0.345724 1.283113; -0.717943 -0.001204 -0.696101 2.624610; 0.000000 0.000000 0.000000 1.000000];
cameraVec(10).efl = 1620.8664;
cameraVec(10).u0 = 960;
cameraVec(10).v0 = 671;
cameraVec(10).pose = [-0.991252 -0.085394 0.100633 0.285977; -0.013537 0.824241 0.566077 1.606778; -0.131285 0.559763 -0.818187 2.521154; 0.000000 0.000000 0.000000 1.000000];
cameraVec(11).efl = 1620.8664;
cameraVec(11).u0 = 960;
cameraVec(11).v0 = 671;
cameraVec(11).pose = [0.893358 0.275901 -0.354669 -0.613836; -0.017998 0.810638 0.585271 1.631601; 0.448985 -0.516473 0.729156 4.579746; 0.000000 0.000000 0.000000 1.000000];
cameraVec(12).efl = 1620.8664;
cameraVec(12).u0 = 960;
cameraVec(12).v0 = 671;
cameraVec(12).pose = [-0.961784 0.159710 -0.222405 -0.150623; 0.036894 0.880448 0.472706 1.461632; 0.271312 0.446435 -0.852693 2.351253; 0.000000 0.000000 0.000000 1.000000];
cameraVec(13).efl = 1620.8664;
cameraVec(13).u0 = 960;
cameraVec(13).v0 = 671;
cameraVec(13).pose = [-0.999920 0.000931 -0.012653 0.136544; 0.000438 0.999243 0.038897 0.745248; 0.012679 0.038888 -0.999163 2.082784; 0.000000 0.000000 0.000000 1.000000];
cameraVec(14).efl = 1620.8664;
cameraVec(14).u0 = 960;
cameraVec(14).v0 = 671;
cameraVec(14).pose = [0.542742 0.510046 -0.667296 -0.978933; 0.070940 0.763818 0.641521 1.690945; 0.836898 -0.395518 0.378374 3.945344; 0.000000 0.000000 0.000000 1.000000];
cameraVec(15).efl = 1620.8664;
cameraVec(15).u0 = 960;
cameraVec(15).v0 = 671;
cameraVec(15).pose = [-0.990445 0.077540 -0.114043 -0.001790; 0.107850 0.950889 -0.290136 0.084004; 0.085945 -0.299664 -0.950166 2.103873; 0.000000 0.000000 0.000000 1.000000];
cameraVec(16).efl = 1620.8664;
cameraVec(16).u0 = 960;
cameraVec(16).v0 = 671;
cameraVec(16).pose = [-0.977983 0.120232 -0.170566 -0.078556; 0.025963 0.881098 0.472221 1.463072; 0.207061 0.457396 -0.864821 2.344222; 0.000000 0.000000 0.000000 1.000000];
cameraVec(17).efl = 1620.8664;
cameraVec(17).u0 = 960;
cameraVec(17).v0 = 671;
cameraVec(17).pose = [-0.797342 0.359851 -0.484512 -0.527577; 0.079844 0.858640 0.506323 1.503719; 0.598222 0.365027 -0.713362 2.489453; 0.000000 0.000000 0.000000 1.000000];
cameraVec(18).efl = 1620.8664;
cameraVec(18).u0 = 960;
cameraVec(18).v0 = 671;
cameraVec(18).pose = [-0.959559 0.164444 -0.228482 -0.158187; 0.038067 0.879984 0.473476 1.462598; 0.278921 0.445631 -0.850657 2.351991; 0.000000 0.000000 0.000000 1.000000];
cameraVec(19).efl = 1620.8664;
cameraVec(19).u0 = 960;
cameraVec(19).v0 = 671;
cameraVec(19).pose = [0.679955 0.446529 -0.581612 -0.886213; -0.029285 0.809098 0.586944 1.636957; 0.732669 -0.382063 0.563227 4.312922; 0.000000 0.000000 0.000000 1.000000];
cameraVec(20).efl = 1620.8664;
cameraVec(20).u0 = 960;
cameraVec(20).v0 = 671;
cameraVec(20).pose = [-0.518121 0.513391 -0.684091 -0.839387; 0.099893 0.830667 0.547735 1.558208; 0.849454 0.215457 -0.481670 2.766852; 0.000000 0.000000 0.000000 1.000000];
cameraVec(21).efl = 1620.8664;
cameraVec(21).u0 = 960;
cameraVec(21).v0 = 671;
cameraVec(21).pose = [0.069355 0.602589 -0.795032 -1.076936; 0.096965 0.789106 0.606556 1.638378; 0.992868 -0.119158 -0.003702 3.399638; 0.000000 0.000000 0.000000 1.000000];
cameraVec(22).efl = 1620.8664;
cameraVec(22).u0 = 960;
cameraVec(22).v0 = 671;
cameraVec(22).pose = [0.677017 0.448162 -0.583779 -0.888845; -0.029124 0.808906 0.587216 1.637425; 0.735391 -0.380553 0.560696 4.308383; 0.000000 0.000000 0.000000 1.000000];
cameraVec(23).efl = 1620.8664;
cameraVec(23).u0 = 960;
cameraVec(23).v0 = 671;
cameraVec(23).pose = [-0.206484 0.589536 -0.780905 -1.015638; 0.102364 0.806740 0.581973 1.604002; 0.973081 0.040231 -0.226926 3.097071; 0.000000 0.000000 0.000000 1.000000];
cameraVec(24).efl = 1620.8664;
cameraVec(24).u0 = 960;
cameraVec(24).v0 = 671;
cameraVec(24).pose = [-0.999927 0.000353 -0.012038 0.136742; 0.000944 0.998791 -0.049141 0.581727; 0.012006 -0.049149 -0.998719 2.059716; 0.000000 0.000000 0.000000 1.000000];
cameraVec(25).efl = 1620.8664;
cameraVec(25).u0 = 960;
cameraVec(25).v0 = 671;
cameraVec(25).pose = [-0.887695 -0.283134 0.363086 0.623112; -0.098298 0.886938 0.451308 1.449550; -0.449816 0.364933 -0.815162 2.487977; 0.000000 0.000000 0.000000 1.000000];
cameraVec(26).efl = 1620.8664;
cameraVec(26).u0 = 960;
cameraVec(26).v0 = 671;
cameraVec(26).pose = [0.492076 -0.522479 0.696331 0.859529; -0.012645 0.795498 0.605824 1.658909; -0.870461 -0.306916 0.384839 4.289237; 0.000000 0.000000 0.000000 1.000000];
cameraVec(27).efl = 1620.8664;
cameraVec(27).u0 = 960;
cameraVec(27).v0 = 671;
cameraVec(27).pose = [0.618797 -0.470387 0.629147 0.749480; -0.022668 0.789873 0.612851 1.669612; -0.785224 -0.393492 0.478109 4.389007; 0.000000 0.000000 0.000000 1.000000];
cameraVec(28).efl = 1620.8664;
cameraVec(28).u0 = 960;
cameraVec(28).v0 = 671;
cameraVec(28).pose = [-0.972989 0.133644 -0.188231 -0.104711; -0.020448 0.762284 0.646920 1.715577; 0.229943 0.633295 -0.738961 2.665438; 0.000000 0.000000 0.000000 1.000000];
cameraVec(29).efl = 1620.8664;
cameraVec(29).u0 = 960;
cameraVec(29).v0 = 671;
cameraVec(29).pose = [-0.760498 0.387715 -0.520884 -0.581971; 0.083992 0.854171 0.513165 1.512698; 0.643885 0.346511 -0.682160 2.525499; 0.000000 0.000000 0.000000 1.000000];
cameraVec(30).efl = 1620.8664;
cameraVec(30).u0 = 960;
cameraVec(30).v0 = 671;
cameraVec(30).pose = [-0.961581 0.160205 -0.222926 -0.150783; 0.037093 0.880431 0.472721 1.461533; 0.272003 0.446290 -0.852549 2.350995; 0.000000 0.000000 0.000000 1.000000];
cameraVec(31).efl = 1620.8664;
cameraVec(31).u0 = 960;
cameraVec(31).v0 = 671;
cameraVec(31).pose = [0.681557 0.445667 -0.580397 -0.884611; -0.029320 0.809141 0.586882 1.636397; 0.731178 -0.382976 0.564543 4.315798; 0.000000 0.000000 0.000000 1.000000];
cameraVec(32).efl = 1620.8664;
cameraVec(32).u0 = 960;
cameraVec(32).v0 = 671;
cameraVec(32).pose = [0.794767 0.370775 -0.480490 -0.767661; -0.025592 0.811463 0.583843 1.630663; 0.606374 -0.451723 0.654413 4.458375; 0.000000 0.000000 0.000000 1.000000];
cameraVec(33).efl = 1620.8664;
cameraVec(33).u0 = 960;
cameraVec(33).v0 = 671;
cameraVec(33).pose = [-0.720982 0.414306 -0.555459 -0.634625; 0.088845 0.850234 0.518853 1.519656; 0.687234 0.324734 -0.649813 2.563124; 0.000000 0.000000 0.000000 1.000000];
cameraVec(34).efl = 1620.8664;
cameraVec(34).u0 = 960;
cameraVec(34).v0 = 671;
cameraVec(34).pose = [-0.685966 -0.443569 0.576799 0.879229; -0.279013 0.892459 0.354498 1.301939; -0.672014 0.082239 -0.735958 2.576607; 0.000000 0.000000 0.000000 1.000000];
cameraVec(35).efl = 1620.8664;
cameraVec(35).u0 = 960;
cameraVec(35).v0 = 671;
cameraVec(35).pose = [-0.990363 0.077290 -0.114921 -0.006504; 0.107883 0.950862 -0.290212 0.083587; 0.086843 -0.299814 -0.950037 2.103786; 0.000000 0.000000 0.000000 1.000000];
cameraVec(36).efl = 1620.8664;
cameraVec(36).u0 = 960;
cameraVec(36).v0 = 671;
cameraVec(36).pose = [0.529774 -0.508843 0.678541 0.829314; -0.012767 0.795161 0.606265 1.659510; -0.848043 -0.329847 0.414759 4.325027; 0.000000 0.000000 0.000000 1.000000];
cameraVec(37).efl = 1620.8664;
cameraVec(37).u0 = 960;
cameraVec(37).v0 = 671;
cameraVec(37).pose = [-0.961787 0.159698 -0.222402 -0.150346; 0.036892 0.880460 0.472683 1.461455; 0.271303 0.446416 -0.852706 2.351392; 0.000000 0.000000 0.000000 1.000000];
cameraVec(38).efl = 1620.8664;
cameraVec(38).u0 = 960;
cameraVec(38).v0 = 671;
cameraVec(38).pose = [-0.997139 -0.051243 0.055571 0.226904; -0.017076 0.868852 0.494777 1.504736; -0.073637 0.492412 -0.867242 2.385930; 0.000000 0.000000 0.000000 1.000000];
cameraVec(39).efl = 1620.8664;
cameraVec(39).u0 = 960;
cameraVec(39).v0 = 671;
cameraVec(39).pose = [-0.810129 -0.358751 0.463668 0.746137; -0.173368 0.902134 0.395092 1.367360; -0.560031 0.239690 -0.793041 2.512063; 0.000000 0.000000 0.000000 1.000000];
cameraVec(40).efl = 1620.8664;
cameraVec(40).u0 = 960;
cameraVec(40).v0 = 671;
cameraVec(40).pose = [-0.641134 0.459740 -0.614481 -0.726466; 0.094803 0.842014 0.531061 1.535886; 0.761551 0.282226 -0.583428 2.641474; 0.000000 0.000000 0.000000 1.000000];
cameraVec(41).efl = 1620.8664;
cameraVec(41).u0 = 960;
cameraVec(41).v0 = 671;
cameraVec(41).pose = [0.940092 -0.200426 0.275784 0.225414; -0.016287 0.781611 0.623554 1.682973; -0.340532 -0.590689 0.731522 4.655338; 0.000000 0.000000 0.000000 1.000000];
cameraVec(42).efl = 1620.8664;
cameraVec(42).u0 = 960;
cameraVec(42).v0 = 671;
cameraVec(42).pose = [-0.987629 0.088767 -0.129263 -0.023266; -0.015395 0.765469 0.643288 1.710560; 0.156049 0.637320 -0.754633 2.647825; 0.000000 0.000000 0.000000 1.000000];
cameraVec(43).efl = 1620.8664;
cameraVec(43).u0 = 960;
cameraVec(43).v0 = 671;
cameraVec(43).pose = [-0.843554 -0.328770 0.424650 0.699947; -0.030419 0.818696 0.573421 1.618486; -0.536183 0.470794 -0.700615 2.743274; 0.000000 0.000000 0.000000 1.000000];
cameraVec(44).efl = 1620.8664;
cameraVec(44).u0 = 960;
cameraVec(44).v0 = 671;
cameraVec(44).pose = [0.908127 -0.247490 0.337720 0.313397; -0.019209 0.781123 0.624081 1.684026; -0.418255 -0.573232 0.704605 4.630926; 0.000000 0.000000 0.000000 1.000000];
cameraVec(45).efl = 1620.8664;
cameraVec(45).u0 = 960;
cameraVec(45).v0 = 671;
cameraVec(45).pose = [-0.804455 0.354194 -0.476864 -0.516918; -0.064479 0.745972 0.662849 1.741115; 0.590504 0.563980 -0.577262 2.861793; 0.000000 0.000000 0.000000 1.000000];
cameraVec(46).efl = 1620.8664;
cameraVec(46).u0 = 960;
cameraVec(46).v0 = 671;
cameraVec(46).pose = [-0.999837 -0.015797 0.008790 0.164818; -0.009385 0.869135 0.494486 1.502889; -0.015452 0.494322 -0.869141 2.375904; 0.000000 0.000000 0.000000 1.000000];
cameraVec(47).efl = 1620.8664;
cameraVec(47).u0 = 960;
cameraVec(47).v0 = 671;
cameraVec(47).pose = [-0.961812 0.159841 -0.222192 -0.149316; 0.037125 0.880453 0.472679 1.460638; 0.271183 0.446379 -0.852764 2.357868; 0.000000 0.000000 0.000000 1.000000];
cameraVec(48).efl = 1620.8664;
cameraVec(48).u0 = 960;
cameraVec(48).v0 = 671;
cameraVec(48).pose = [-0.999920 0.000845 -0.012615 0.136188; 0.001444 0.998868 -0.047543 0.584467; 0.012561 -0.047558 -0.998789 2.061760; 0.000000 0.000000 0.000000 1.000000];
cameraVec(49).efl = 1620.8664;
cameraVec(49).u0 = 960;
cameraVec(49).v0 = 671;
cameraVec(49).pose = [0.940099 -0.200351 0.275815 0.225523; -0.016358 0.781630 0.623528 1.682849; -0.340510 -0.590689 0.731532 4.656212; 0.000000 0.000000 0.000000 1.000000];
cameraVec(50).efl = 1620.8664;
cameraVec(50).u0 = 960;
cameraVec(50).v0 = 671;
cameraVec(50).pose = [-0.985516 -0.108072 0.130685 0.326084; -0.006730 0.794948 0.606640 1.660370; -0.169448 0.596974 -0.784162 2.614807; 0.000000 0.000000 0.000000 1.000000];
cameraVec(51).efl = 1620.8664;
cameraVec(51).u0 = 960;
cameraVec(51).v0 = 671;
cameraVec(51).pose = [-0.990640 0.076558 -0.113008 -0.001348; 0.106552 0.951177 -0.289670 0.084770; 0.085314 -0.299000 -0.950432 2.103841; 0.000000 0.000000 0.000000 1.000000];
cameraVec(52).efl = 1620.8664;
cameraVec(52).u0 = 960;
cameraVec(52).v0 = 671;
cameraVec(52).pose = [-0.999926 0.000340 -0.012137 0.136152; 0.000936 0.998794 -0.049093 0.581965; 0.012105 -0.049100 -0.998720 2.059425; 0.000000 0.000000 0.000000 1.000000];
cameraVec(53).efl = 1620.8664;
cameraVec(53).u0 = 960;
cameraVec(53).v0 = 671;
cameraVec(53).pose = [0.417608 0.550846 -0.722615 -1.034025; 0.082556 0.768990 0.633908 1.678355; 0.904869 -0.324381 0.275660 3.792063; 0.000000 0.000000 0.000000 1.000000];
cameraVec(54).efl = 1620.8664;
cameraVec(54).u0 = 960;
cameraVec(54).v0 = 671;
cameraVec(54).pose = [-0.352052 0.563064 -0.747675 -0.950068; 0.102975 0.817266 0.566985 1.584231; 0.930299 0.122616 -0.345701 2.939737; 0.000000 0.000000 0.000000 1.000000];
cameraVec(55).efl = 1620.8664;
cameraVec(55).u0 = 960;
cameraVec(55).v0 = 671;
cameraVec(55).pose = [-0.999962 -0.002470 -0.008344 0.141810; -0.002049 0.998741 -0.050118 0.580330; 0.008457 -0.050099 -0.998708 2.058078; 0.000000 0.000000 0.000000 1.000000];
cameraVec(56).efl = 1620.8664;
cameraVec(56).u0 = 960;
cameraVec(56).v0 = 671;
cameraVec(56).pose = [-0.999602 0.010990 -0.025991 0.118680; 0.005262 0.977484 0.210946 1.049040; 0.027724 0.210725 -0.977152 2.143103; 0.000000 0.000000 0.000000 1.000000];
cameraVec(57).efl = 1620.8664;
cameraVec(57).u0 = 960;
cameraVec(57).v0 = 671;
cameraVec(57).pose = [-0.999919 0.000953 -0.012718 0.136079; 0.001550 0.998892 -0.047031 0.585305; 0.012659 -0.047047 -0.998812 2.061738; 0.000000 0.000000 0.000000 1.000000];
cameraVec(58).efl = 1620.8664;
cameraVec(58).u0 = 960;
cameraVec(58).v0 = 671;
cameraVec(58).pose = [-0.937553 0.204851 -0.281123 -0.234606; 0.005271 0.816466 0.577369 1.618369; 0.347802 0.539833 -0.766560 2.537316; 0.000000 0.000000 0.000000 1.000000];
cameraVec(59).efl = 1620.8664;
cameraVec(59).u0 = 960;
cameraVec(59).v0 = 671;
cameraVec(59).pose = [-0.811402 -0.357689 0.462262 0.744519; -0.172767 0.902316 0.394939 1.367183; -0.558372 0.240591 -0.793938 2.511456; 0.000000 0.000000 0.000000 1.000000];
cameraVec(60).efl = 1620.8664;
cameraVec(60).u0 = 960;
cameraVec(60).v0 = 671;
cameraVec(60).pose = [-0.817093 -0.352918 0.455860 0.736670; -0.170345 0.903220 0.393925 1.365586; -0.550765 0.244220 -0.798132 2.506474; 0.000000 0.000000 0.000000 1.000000];
cameraVec(61).efl = 1620.8664;
cameraVec(61).u0 = 960;
cameraVec(61).v0 = 671;
cameraVec(61).pose = [-0.961784 0.159708 -0.222408 -0.150659; 0.036895 0.880453 0.472695 1.461541; 0.271313 0.446425 -0.852698 2.351308; 0.000000 0.000000 0.000000 1.000000];
cameraVec(62).efl = 1620.8664;
cameraVec(62).u0 = 960;
cameraVec(62).v0 = 671;
cameraVec(62).pose = [0.995233 -0.053071 0.081819 -0.042364; -0.090864 -0.199882 0.975598 1.686704; -0.035422 -0.978382 -0.203751 3.139300; 0.000000 0.000000 0.000000 1.000000];
cameraVec(63).efl = 1620.8664;
cameraVec(63).u0 = 960;
cameraVec(63).v0 = 671;
cameraVec(63).pose = [-0.181736 0.592653 -0.784688 -1.024416; 0.101045 0.805007 0.584597 1.608018; 0.978142 0.026954 -0.206184 3.125733; 0.000000 0.000000 0.000000 1.000000];
cameraVec(64).efl = 1620.8664;
cameraVec(64).u0 = 960;
cameraVec(64).v0 = 671;
cameraVec(64).pose = [-0.836076 0.326497 -0.440881 -0.463055; 0.071990 0.861972 0.501818 1.498652; 0.543869 0.387819 -0.744179 2.457625; 0.000000 0.000000 0.000000 1.000000];
cameraVec(65).efl = 1620.8664;
cameraVec(65).u0 = 960;
cameraVec(65).v0 = 671;
cameraVec(65).pose = [-0.854809 -0.318324 0.409843 0.680995; -0.143448 0.903934 0.402896 1.378481; -0.498723 0.285608 -0.818354 2.469976; 0.000000 0.000000 0.000000 1.000000];
cameraVec(66).efl = 1620.8664;
cameraVec(66).u0 = 960;
cameraVec(66).v0 = 671;
cameraVec(66).pose = [-0.263162 0.580906 -0.770256 -0.993456; 0.106230 0.810991 0.575334 1.594195; 0.958885 0.069582 -0.275131 3.031515; 0.000000 0.000000 0.000000 1.000000];
cameraVec(67).efl = 1620.8664;
cameraVec(67).u0 = 960;
cameraVec(67).v0 = 671;
cameraVec(67).pose = [-0.999974 -0.004458 -0.005696 0.145849; -0.003728 0.992474 -0.122402 0.442109; 0.006199 -0.122377 -0.992464 2.073073; 0.000000 0.000000 0.000000 1.000000];
cameraVec(68).efl = 1620.8664;
cameraVec(68).u0 = 960;
cameraVec(68).v0 = 671;
cameraVec(68).pose = [0.920804 0.240550 -0.307010 -0.552483; 0.027783 0.744702 0.666819 1.731395; 0.389034 -0.622539 0.679042 4.420696; 0.000000 0.000000 0.000000 1.000000];
cameraVec(69).efl = 1620.8664;
cameraVec(69).u0 = 960;
cameraVec(69).v0 = 671;
cameraVec(69).pose = [0.712580 -0.419328 0.562489 0.644881; -0.027581 0.784371 0.619679 1.679196; -0.701049 -0.457085 0.547361 4.461883; 0.000000 0.000000 0.000000 1.000000];
cameraVec(70).efl = 1620.8664;
cameraVec(70).u0 = 960;
cameraVec(70).v0 = 671;
cameraVec(70).pose = [0.997490 -0.036929 0.060418 -0.072294; -0.007875 0.790092 0.612938 1.667336; -0.070371 -0.611875 0.787818 4.702488; 0.000000 0.000000 0.000000 1.000000];
cameraVec(71).efl = 1620.8664;
cameraVec(71).u0 = 960;
cameraVec(71).v0 = 671;
cameraVec(71).pose = [0.127905 0.599392 -0.790170 -1.079816; 0.094508 0.785723 0.611316 1.645327; 0.987273 -0.152868 0.043851 3.465796; 0.000000 0.000000 0.000000 1.000000];
cameraVec(72).efl = 1620.8664;
cameraVec(72).u0 = 960;
cameraVec(72).v0 = 671;
cameraVec(72).pose = [-0.961785 0.159826 -0.222320 -0.149164; 0.037056 0.880465 0.472661 1.460632; 0.271288 0.446359 -0.852740 2.357881; 0.000000 0.000000 0.000000 1.000000];
cameraVec(73).efl = 1620.8664;
cameraVec(73).u0 = 960;
cameraVec(73).v0 = 671;
cameraVec(73).pose = [-0.897579 0.260947 -0.355329 -0.340373; 0.382051 0.862599 -0.331602 -0.095824; 0.219976 -0.433393 -0.873946 2.200464; 0.000000 0.000000 0.000000 1.000000];
cameraVec(74).efl = 1620.8664;
cameraVec(74).u0 = 960;
cameraVec(74).v0 = 671;
cameraVec(74).pose = [0.735092 0.413426 -0.537326 -0.833167; 0.053307 0.754855 0.653722 1.710231; 0.675869 -0.509189 0.532849 4.181235; 0.000000 0.000000 0.000000 1.000000];
cameraVec(75).efl = 1620.8664;
cameraVec(75).u0 = 960;
cameraVec(75).v0 = 671;
cameraVec(75).pose = [-0.998995 -0.032552 0.030797 0.192960; -0.006609 0.786765 0.617217 1.674750; -0.044322 0.616393 -0.786190 2.606268; 0.000000 0.000000 0.000000 1.000000];
cameraVec(76).efl = 1620.8664;
cameraVec(76).u0 = 960;
cameraVec(76).v0 = 671;
cameraVec(76).pose = [-0.999974 -0.004479 -0.005625 0.145625; -0.004190 0.998727 -0.050273 0.580354; 0.005843 -0.050248 -0.998720 2.071620; 0.000000 0.000000 0.000000 1.000000];
cameraVec(77).efl = 1620.8664;
cameraVec(77).u0 = 960;
cameraVec(77).v0 = 671;
cameraVec(77).pose = [0.324966 -0.568928 0.755458 0.965254; -0.014523 0.795717 0.605494 1.659826; -0.945614 -0.207737 0.250319 4.116676; 0.000000 0.000000 0.000000 1.000000];
cameraVec(78).efl = 1620.8664;
cameraVec(78).u0 = 960;
cameraVec(78).v0 = 671;
cameraVec(78).pose = [-0.264243 0.580749 -0.770004 -0.993246; 0.106391 0.811061 0.575205 1.594280; 0.958570 0.070073 -0.276103 3.029556; 0.000000 0.000000 0.000000 1.000000];
cameraVec(79).efl = 1620.8664;
cameraVec(79).u0 = 960;
cameraVec(79).v0 = 671;
cameraVec(79).pose = [-0.999607 0.010798 -0.025867 0.118490; 0.014845 0.986715 -0.161782 0.362173; 0.023776 -0.162102 -0.986488 2.075709; 0.000000 0.000000 0.000000 1.000000];
cameraVec(80).efl = 1620.8664;
cameraVec(80).u0 = 960;
cameraVec(80).v0 = 671;
cameraVec(80).pose = [-0.999923 0.000594 -0.012355 0.136335; 0.001198 0.998800 -0.048952 0.582055; 0.012311 -0.048964 -0.998725 2.060671; 0.000000 0.000000 0.000000 1.000000];
cameraVec(81).efl = 1620.8664;
cameraVec(81).u0 = 960;
cameraVec(81).v0 = 671;
cameraVec(81).pose = [-0.991252 -0.085405 0.100623 0.285939; -0.013312 0.823212 0.567577 1.608787; -0.131308 0.561273 -0.817148 2.523865; 0.000000 0.000000 0.000000 1.000000];
cameraVec(82).efl = 1620.8664;
cameraVec(82).u0 = 960;
cameraVec(82).v0 = 671;
cameraVec(82).pose = [0.999906 -0.001445 0.013618 -0.135741; -0.007139 0.793593 0.608407 1.661278; -0.011686 -0.608447 0.793508 4.705198; 0.000000 0.000000 0.000000 1.000000];
cameraVec(83).efl = 1620.8664;
cameraVec(83).u0 = 960;
cameraVec(83).v0 = 671;
cameraVec(83).pose = [-0.999604 0.010899 -0.025952 0.119042; 0.003535 0.963308 0.268375 1.145906; 0.027925 0.268177 -0.962965 2.168241; 0.000000 0.000000 0.000000 1.000000];
cameraVec(84).efl = 1620.8664;
cameraVec(84).u0 = 960;
cameraVec(84).v0 = 671;
cameraVec(84).pose = [0.521048 -0.512887 0.682243 0.835106; -0.690071 0.217267 0.690361 1.534244; -0.502306 -0.830507 -0.240722 3.142467; 0.000000 0.000000 0.000000 1.000000];
cameraVec(85).efl = 1620.8664;
cameraVec(85).u0 = 960;
cameraVec(85).v0 = 671;
cameraVec(85).pose = [-0.960866 0.161723 -0.224903 -0.153422; 0.037457 0.880284 0.472967 1.461903; 0.274468 0.446034 -0.851893 2.351116; 0.000000 0.000000 0.000000 1.000000];
cameraVec(86).efl = 1620.8664;
cameraVec(86).u0 = 960;
cameraVec(86).v0 = 671;
cameraVec(86).pose = [0.990501 -0.077350 0.113689 0.000361; -0.009170 0.787786 0.615881 1.671317; -0.137201 -0.611073 0.779593 4.698558; 0.000000 0.000000 0.000000 1.000000];
cameraVec(87).efl = 1620.8664;
cameraVec(87).u0 = 960;
cameraVec(87).v0 = 671;
cameraVec(87).pose = [-0.253892 0.582486 -0.772171 -0.996763; 0.104768 0.810195 0.576721 1.596418; 0.961542 0.065526 -0.266728 3.043725; 0.000000 0.000000 0.000000 1.000000];
cameraVec(88).efl = 1620.8664;
cameraVec(88).u0 = 960;
cameraVec(88).v0 = 671;
cameraVec(88).pose = [0.920814 0.240526 -0.307001 -0.552573; 0.027799 0.744694 0.666827 1.731298; 0.389011 -0.622558 0.679038 4.420949; 0.000000 0.000000 0.000000 1.000000];
cameraVec(89).efl = 1620.8664;
cameraVec(89).u0 = 960;
cameraVec(89).v0 = 671;
cameraVec(89).pose = [-0.999602 0.010991 -0.025989 0.118754; 0.005948 0.982399 0.186697 1.007448; 0.027583 0.186468 -0.982074 2.131704; 0.000000 0.000000 0.000000 1.000000];
cameraVec(90).efl = 1620.8664;
cameraVec(90).u0 = 960;
cameraVec(90).v0 = 671;
cameraVec(90).pose = [-0.264230 0.580749 -0.770009 -0.993058; 0.106408 0.811063 0.575199 1.594084; 0.958572 0.070050 -0.276103 3.029782; 0.000000 0.000000 0.000000 1.000000];
cameraVec(91).efl = 1620.8664;
cameraVec(91).u0 = 960;
cameraVec(91).v0 = 671;
cameraVec(91).pose = [-0.999916 0.001037 -0.012880 0.135282; 0.001639 0.998903 -0.046801 0.584988; 0.012817 -0.046819 -0.998821 2.059597; 0.000000 0.000000 0.000000 1.000000];
cameraVec(92).efl = 1620.8664;
cameraVec(92).u0 = 960;
cameraVec(92).v0 = 671;
cameraVec(92).pose = [-0.999418 -0.025934 0.022151 0.182592; -0.011591 0.869077 0.494541 1.503609; -0.032077 0.493996 -0.868872 2.377652; 0.000000 0.000000 0.000000 1.000000];
cameraVec(93).efl = 1620.8664;
cameraVec(93).u0 = 960;
cameraVec(93).v0 = 671;
cameraVec(93).pose = [-0.351805 0.563064 -0.747791 -0.950821; 0.013122 0.801748 0.597518 1.645218; 0.935981 0.200398 -0.289447 3.092107; 0.000000 0.000000 0.000000 1.000000];
cameraVec(94).efl = 1620.8664;
cameraVec(94).u0 = 960;
cameraVec(94).v0 = 671;
cameraVec(94).pose = [-0.984628 -0.111115 0.134760 0.332003; -0.006984 0.795980 0.605283 1.659405; -0.174522 0.595038 -0.784520 2.612136; 0.000000 0.000000 0.000000 1.000000];
cameraVec(95).efl = 1620.8664;
cameraVec(95).u0 = 960;
cameraVec(95).v0 = 671;
cameraVec(95).pose = [-0.989773 0.080273 -0.117924 -0.006261; 0.014382 0.878589 0.477362 1.472929; 0.141926 0.470784 -0.870758 2.347964; 0.000000 0.000000 0.000000 1.000000];
cameraVec(96).efl = 1620.8664;
cameraVec(96).u0 = 960;
cameraVec(96).v0 = 671;
cameraVec(96).pose = [0.920816 0.240527 -0.306992 -0.552555; 0.027794 0.744691 0.666831 1.731266; 0.389005 -0.622561 0.679038 4.421139; 0.000000 0.000000 0.000000 1.000000];
cameraVec(97).efl = 1620.8664;
cameraVec(97).u0 = 960;
cameraVec(97).v0 = 671;
cameraVec(97).pose = [0.865691 -0.297075 0.402896 0.407636; -0.021549 0.781998 0.622908 1.683163; -0.500114 -0.547928 0.670568 4.596516; 0.000000 0.000000 0.000000 1.000000];
cameraVec(98).efl = 1620.8664;
cameraVec(98).u0 = 960;
cameraVec(98).v0 = 671;
cameraVec(98).pose = [-0.950807 -0.192418 0.242776 0.472029; -0.013203 0.808159 0.588817 1.637425; -0.309501 0.556646 -0.770944 2.633510; 0.000000 0.000000 0.000000 1.000000];
cameraVec(99).efl = 1620.8664;
cameraVec(99).u0 = 960;
cameraVec(99).v0 = 671;
cameraVec(99).pose = [-0.999919 0.000902 -0.012685 0.136116; 0.001501 0.998883 -0.047231 0.584925; 0.012628 -0.047247 -0.998803 2.061541; 0.000000 0.000000 0.000000 1.000000];
cameraVec(100).efl = 1620.8664;
cameraVec(100).u0 = 960;
cameraVec(100).v0 = 671;
cameraVec(100).pose = [-0.983235 -0.115797 0.140853 0.340385; -0.007059 0.796061 0.605176 1.659148; -0.182206 0.594036 -0.783532 2.614712; 0.000000 0.000000 0.000000 1.000000];
cameraVec(101).efl = 1620.8664;
cameraVec(101).u0 = 960;
cameraVec(101).v0 = 671;
cameraVec(101).pose = [-0.989328 0.082267 -0.120262 -0.009916; 0.114286 0.950108 -0.290229 0.082289; 0.090386 -0.300876 -0.949370 2.102394; 0.000000 0.000000 0.000000 1.000000];
cameraVec(102).efl = 1620.8664;
cameraVec(102).u0 = 960;
cameraVec(102).v0 = 671;
cameraVec(102).pose = [0.682013 0.445404 -0.580063 -0.883956; -0.029272 0.809141 0.586885 1.636182; 0.730754 -0.383283 0.564883 4.316417; 0.000000 0.000000 0.000000 1.000000];
cameraVec(103).efl = 1620.8664;
cameraVec(103).u0 = 960;
cameraVec(103).v0 = 671;
cameraVec(103).pose = [-0.721717 -0.422253 0.548477 0.847008; -0.248525 0.897621 0.364023 1.318163; -0.646034 0.126411 -0.752769 2.555710; 0.000000 0.000000 0.000000 1.000000];
cameraVec(104).efl = 1620.8664;
cameraVec(104).u0 = 960;
cameraVec(104).v0 = 671;
cameraVec(104).pose = [-0.991268 -0.085325 0.100536 0.285758; -0.013504 0.824105 0.566277 1.607876; -0.131170 0.559974 -0.818061 2.515751; 0.000000 0.000000 0.000000 1.000000];
cameraVec(105).efl = 1620.8664;
cameraVec(105).u0 = 960;
cameraVec(105).v0 = 671;
cameraVec(105).pose = [-0.985537 -0.108049 0.130548 0.325672; -0.006806 0.794984 0.606593 1.660258; -0.169325 0.596931 -0.784221 2.614071; 0.000000 0.000000 0.000000 1.000000];
cameraVec(106).efl = 1620.8664;
cameraVec(106).u0 = 960;
cameraVec(106).v0 = 671;
cameraVec(106).pose = [-0.519211 -0.519273 0.678805 0.990480; -0.405954 0.848778 0.338788 1.262882; -0.752078 -0.099661 -0.651496 2.677115; 0.000000 0.000000 0.000000 1.000000];
cameraVec(107).efl = 1620.8664;
cameraVec(107).u0 = 960;
cameraVec(107).v0 = 671;
cameraVec(107).pose = [-0.264242 0.580760 -0.769996 -0.993092; 0.106410 0.811055 0.575211 1.594135; 0.958568 0.070060 -0.276113 3.029687; 0.000000 0.000000 0.000000 1.000000];
cameraVec(108).efl = 1620.8664;
cameraVec(108).u0 = 960;
cameraVec(108).v0 = 671;
cameraVec(108).pose = [-0.990633 0.076704 -0.112976 -0.000618; 0.106663 0.951236 -0.289437 0.086048; 0.085266 -0.298776 -0.950506 2.103250; 0.000000 0.000000 0.000000 1.000000];
cameraVec(109).efl = 1620.8664;
cameraVec(109).u0 = 960;
cameraVec(109).v0 = 671;
cameraVec(109).pose = [-0.246277 -0.586796 0.771374 1.072972; -0.064839 0.804080 0.590975 1.647373; -0.967028 0.095528 -0.236073 3.420218; 0.000000 0.000000 0.000000 1.000000];
cameraVec(110).efl = 1620.8664;
cameraVec(110).u0 = 960;
cameraVec(110).v0 = 671;
cameraVec(110).pose = [-0.989324 0.082267 -0.120289 -0.010077; 0.114288 0.950126 -0.290169 0.082548; 0.090418 -0.300819 -0.949385 2.102341; 0.000000 0.000000 0.000000 1.000000];
cameraVec(111).efl = 1620.8664;
cameraVec(111).u0 = 960;
cameraVec(111).v0 = 671;
cameraVec(111).pose = [-0.991004 -0.086477 0.102139 0.288368; -0.024711 0.868310 0.495406 1.507108; -0.131530 0.488426 -0.862635 2.400161; 0.000000 0.000000 0.000000 1.000000];
cameraVec(112).efl = 1620.8664;
cameraVec(112).u0 = 960;
cameraVec(112).v0 = 671;
cameraVec(112).pose = [-0.950201 0.182673 -0.252486 -0.194402; -0.027305 0.758273 0.651365 1.722306; 0.310440 0.625822 -0.715524 2.691667; 0.000000 0.000000 0.000000 1.000000];
cameraVec(113).efl = 1620.8664;
cameraVec(113).u0 = 960;
cameraVec(113).v0 = 671;
cameraVec(113).pose = [-0.545150 -0.509317 0.665889 0.976522; -0.061717 0.816523 0.574005 1.623149; -0.836064 0.271822 -0.476561 3.072597; 0.000000 0.000000 0.000000 1.000000];
cameraVec(114).efl = 1620.8664;
cameraVec(114).u0 = 960;
cameraVec(114).v0 = 671;
cameraVec(114).pose = [-0.961809 0.159828 -0.222215 -0.149316; 0.037103 0.880455 0.472676 1.460629; 0.271197 0.446379 -0.852759 2.357874; 0.000000 0.000000 0.000000 1.000000];
cameraVec(115).efl = 1620.8664;
cameraVec(115).u0 = 960;
cameraVec(115).v0 = 671;
cameraVec(115).pose = [-0.999936 -0.000640 -0.011312 0.137976; -0.006131 0.870133 0.492779 1.499763; 0.009528 0.492817 -0.870081 2.370857; 0.000000 0.000000 0.000000 1.000000];
cameraVec(116).efl = 1620.8664;
cameraVec(116).u0 = 960;
cameraVec(116).v0 = 671;
cameraVec(116).pose = [-0.375540 0.557434 -0.740430 -0.936783; 0.101905 0.818897 0.564822 1.581636; 0.921187 0.136660 -0.364334 2.915556; 0.000000 0.000000 0.000000 1.000000];
cameraVec(117).efl = 1620.8664;
cameraVec(117).u0 = 960;
cameraVec(117).v0 = 671;
cameraVec(117).pose = [-0.992328 -0.080297 0.094007 0.277914; -0.022425 0.864665 0.501849 1.515921; -0.121581 0.495890 -0.859832 2.413808; 0.000000 0.000000 0.000000 1.000000];
cameraVec(118).efl = 1620.8664;
cameraVec(118).u0 = 960;
cameraVec(118).v0 = 671;
cameraVec(118).pose = [0.920829 0.240524 -0.306956 -0.552701; 0.027777 0.744680 0.666843 1.731426; 0.388975 -0.622575 0.679042 4.421412; 0.000000 0.000000 0.000000 1.000000];
cameraVec(119).efl = 1620.8664;
cameraVec(119).u0 = 960;
cameraVec(119).v0 = 671;
cameraVec(119).pose = [-0.985115 -0.109446 0.132555 0.329197; -0.006799 0.795324 0.606146 1.659844; -0.171765 0.596222 -0.784229 2.614206; 0.000000 0.000000 0.000000 1.000000];
cameraVec(120).efl = 1620.8664;
cameraVec(120).u0 = 960;
cameraVec(120).v0 = 671;
cameraVec(120).pose = [-0.264065 0.580760 -0.770057 -0.993040; 0.106413 0.811065 0.575196 1.593911; 0.958617 0.069945 -0.275974 3.030513; 0.000000 0.000000 0.000000 1.000000];
cameraVec(121).efl = 1620.8664;
cameraVec(121).u0 = 960;
cameraVec(121).v0 = 671;
cameraVec(121).pose = [-0.981441 -0.121454 0.148401 0.349018; -0.032290 0.867483 0.496417 1.509907; -0.189027 0.482412 -0.855305 2.417664; 0.000000 0.000000 0.000000 1.000000];
cameraVec(122).efl = 1620.8664;
cameraVec(122).u0 = 960;
cameraVec(122).v0 = 671;
cameraVec(122).pose = [-0.264224 0.580745 -0.770014 -0.993234; 0.106399 0.811066 0.575196 1.594127; 0.958574 0.070052 -0.276094 3.029680; 0.000000 0.000000 0.000000 1.000000];
cameraVec(123).efl = 1620.8664;
cameraVec(123).u0 = 960;
cameraVec(123).v0 = 671;
cameraVec(123).pose = [-0.999601 0.010914 -0.026035 0.118599; 0.003480 0.962846 0.270027 1.148253; 0.028015 0.269829 -0.962501 2.171625; 0.000000 0.000000 0.000000 1.000000];
cameraVec(124).efl = 1620.8664;
cameraVec(124).u0 = 960;
cameraVec(124).v0 = 671;
cameraVec(124).pose = [0.920821 0.240500 -0.306999 -0.552655; 0.027823 0.744687 0.666834 1.731181; 0.388992 -0.622576 0.679032 4.421364; 0.000000 0.000000 0.000000 1.000000];
cameraVec(125).efl = 1620.8664;
cameraVec(125).u0 = 960;
cameraVec(125).v0 = 671;
cameraVec(125).pose = [-0.807922 -0.360613 0.466070 0.749255; -0.175543 0.902271 0.393816 1.365728; -0.562537 0.236357 -0.792268 2.511119; 0.000000 0.000000 0.000000 1.000000];
cameraVec(126).efl = 1620.8664;
cameraVec(126).u0 = 960;
cameraVec(126).v0 = 671;
cameraVec(126).pose = [0.920829 0.240505 -0.306972 -0.552585; 0.027810 0.744670 0.666853 1.731222; 0.388974 -0.622594 0.679026 4.421547; 0.000000 0.000000 0.000000 1.000000];
cameraVec(127).efl = 1620.8664;
cameraVec(127).u0 = 960;
cameraVec(127).v0 = 671;
cameraVec(127).pose = [-0.985278 -0.108884 0.131800 0.328152; -0.006758 0.795148 0.606378 1.660236; -0.170825 0.596560 -0.784178 2.614397; 0.000000 0.000000 0.000000 1.000000];
cameraVec(128).efl = 1620.8664;
cameraVec(128).u0 = 960;
cameraVec(128).v0 = 671;
cameraVec(128).pose = [-0.945910 0.190470 -0.262631 -0.207909; 0.272521 0.905716 -0.324670 -0.036914; 0.176029 -0.378681 -0.908633 2.156362; 0.000000 0.000000 0.000000 1.000000];
cameraVec(129).efl = 1620.8664;
cameraVec(129).u0 = 960;
cameraVec(129).v0 = 671;
cameraVec(129).pose = [0.261217 0.584011 -0.768568 -1.073123; -0.017080 0.798884 0.601243 1.653736; 0.965129 -0.143928 0.218657 3.801384; 0.000000 0.000000 0.000000 1.000000];
cameraVec(130).efl = 1620.8664;
cameraVec(130).u0 = 960;
cameraVec(130).v0 = 671;
cameraVec(130).pose = [-0.991253 -0.085406 0.100617 0.285878; -0.013270 0.823014 0.567865 1.609070; -0.131308 0.561563 -0.816949 2.524766; 0.000000 0.000000 0.000000 1.000000];
cameraVec(131).efl = 1620.8664;
cameraVec(131).u0 = 960;
cameraVec(131).v0 = 671;
cameraVec(131).pose = [-0.260124 0.581440 -0.770885 -0.994407; 0.105401 0.810696 0.575902 1.595135; 0.959805 0.068554 -0.272166 3.035738; 0.000000 0.000000 0.000000 1.000000];
cameraVec(132).efl = 1620.8664;
cameraVec(132).u0 = 960;
cameraVec(132).v0 = 671;
cameraVec(132).pose = [0.441553 -0.538960 0.717323 0.895873; -0.012422 0.795734 0.605520 1.659168; -0.897149 -0.276279 0.344664 4.238770; 0.000000 0.000000 0.000000 1.000000];
cameraVec(133).efl = 1620.8664;
cameraVec(133).u0 = 960;
cameraVec(133).v0 = 671;
cameraVec(133).pose = [-0.895317 -0.274128 0.351087 0.608353; -0.085390 0.879206 0.468727 1.474336; -0.437169 0.389679 -0.810576 2.499626; 0.000000 0.000000 0.000000 1.000000];
cameraVec(134).efl = 1620.8664;
cameraVec(134).u0 = 960;
cameraVec(134).v0 = 671;
cameraVec(134).pose = [0.434297 -0.541085 0.720148 0.901220; -0.011192 0.796178 0.604959 1.658082; -0.900700 -0.270792 0.339722 4.234101; 0.000000 0.000000 0.000000 1.000000];
cameraVec(135).efl = 1620.8664;
cameraVec(135).u0 = 960;
cameraVec(135).v0 = 671;
cameraVec(135).pose = [-0.633895 0.463321 -0.619282 -0.735203; 0.018513 0.809568 0.586735 1.629333; 0.773197 0.360463 -0.521759 2.797671; 0.000000 0.000000 0.000000 1.000000];
cameraVec(136).efl = 1620.8664;
cameraVec(136).u0 = 960;
cameraVec(136).v0 = 671;
cameraVec(136).pose = [-0.907099 0.249021 -0.339352 -0.317032; -0.038211 0.754173 0.655563 1.729010; 0.419179 0.607628 -0.674595 2.738845; 0.000000 0.000000 0.000000 1.000000];
cameraVec(137).efl = 1620.8664;
cameraVec(137).u0 = 960;
cameraVec(137).v0 = 671;
cameraVec(137).pose = [0.998036 0.043369 -0.045203 -0.212933; 0.053904 -0.226933 0.972417 1.638620; 0.031914 -0.972944 -0.228825 3.098716; 0.000000 0.000000 0.000000 1.000000];
cameraVec(138).efl = 1620.8664;
cameraVec(138).u0 = 960;
cameraVec(138).v0 = 671;
cameraVec(138).pose = [-0.985378 -0.108556 0.131325 0.327529; -0.006757 0.795050 0.606507 1.660312; -0.170250 0.596751 -0.784158 2.614702; 0.000000 0.000000 0.000000 1.000000];
cameraVec(139).efl = 1620.8664;
cameraVec(139).u0 = 960;
cameraVec(139).v0 = 671;
cameraVec(139).pose = [-0.999940 -0.000509 -0.010938 0.138193; 0.000034 0.998771 -0.049565 0.581348; 0.010950 -0.049562 -0.998711 2.057218; 0.000000 0.000000 0.000000 1.000000];
cameraVec(140).efl = 1620.8664;
cameraVec(140).u0 = 960;
cameraVec(140).v0 = 671;
cameraVec(140).pose = [-0.961671 0.160258 -0.222500 -0.147838; 0.037348 0.880425 0.472713 1.460716; 0.271650 0.446285 -0.852664 2.357913; 0.000000 0.000000 0.000000 1.000000];
cameraVec(141).efl = 1620.8664;
cameraVec(141).u0 = 960;
cameraVec(141).v0 = 671;
cameraVec(141).pose = [-0.960866 0.161720 -0.224905 -0.153426; 0.037453 0.880284 0.472966 1.461924; 0.274468 0.446034 -0.851892 2.351058; 0.000000 0.000000 0.000000 1.000000];
cameraVec(142).efl = 1620.8664;
cameraVec(142).u0 = 960;
cameraVec(142).v0 = 671;
cameraVec(142).pose = [-0.997704 0.034835 -0.058083 0.075067; 0.001934 0.871890 0.489698 1.493604; 0.067701 0.488461 -0.869955 2.363428; 0.000000 0.000000 0.000000 1.000000];
cameraVec(143).efl = 1620.8664;
cameraVec(143).u0 = 960;
cameraVec(143).v0 = 671;
cameraVec(143).pose = [-0.995502 -0.062942 0.070815 0.246213; -0.006384 0.790297 0.612690 1.668788; -0.094529 0.609482 -0.787144 2.607294; 0.000000 0.000000 0.000000 1.000000];
cameraVec(144).efl = 1620.8664;
cameraVec(144).u0 = 960;
cameraVec(144).v0 = 671;
cameraVec(144).pose = [-0.278705 -0.581588 0.764251 1.068355; -0.066127 0.805515 0.588875 1.644519; -0.958097 0.113585 -0.262960 3.380879; 0.000000 0.000000 0.000000 1.000000];
cameraVec(145).efl = 1620.8664;
cameraVec(145).u0 = 960;
cameraVec(145).v0 = 671;
cameraVec(145).pose = [-0.999602 0.011016 -0.025987 0.118686; 0.006707 0.987026 0.160420 0.961573; 0.027417 0.160182 -0.986707 2.121093; 0.000000 0.000000 0.000000 1.000000];
cameraVec(146).efl = 1620.8664;
cameraVec(146).u0 = 960;
cameraVec(146).v0 = 671;
cameraVec(146).pose = [0.762935 0.394559 -0.512107 -0.803656; 0.050479 0.753375 0.655651 1.713398; 0.644501 -0.526070 0.554859 4.215478; 0.000000 0.000000 0.000000 1.000000];
cameraVec(147).efl = 1620.8664;
cameraVec(147).u0 = 960;
cameraVec(147).v0 = 671;
cameraVec(147).pose = [-0.999603 0.010923 -0.025985 0.118686; 0.003978 0.967313 0.253553 1.121253; 0.027905 0.253349 -0.966972 2.167082; 0.000000 0.000000 0.000000 1.000000];
cameraVec(148).efl = 1620.8664;
cameraVec(148).u0 = 960;
cameraVec(148).v0 = 671;
cameraVec(148).pose = [0.892578 0.277229 -0.355597 -0.613170; 0.033068 0.746277 0.664814 1.728220; 0.449679 -0.605157 0.656942 4.382268; 0.000000 0.000000 0.000000 1.000000];
cameraVec(149).efl = 1620.8664;
cameraVec(149).u0 = 960;
cameraVec(149).v0 = 671;
cameraVec(149).pose = [-0.999604 0.010914 -0.025956 0.119149; 0.003520 0.963029 0.269376 1.147314; 0.027936 0.269178 -0.962685 2.170847; 0.000000 0.000000 0.000000 1.000000];
cameraVec(150).efl = 1620.8664;
cameraVec(150).u0 = 960;
cameraVec(150).v0 = 671;
cameraVec(150).pose = [0.842719 0.329808 -0.425501 -0.699615; 0.040779 0.748998 0.661316 1.722790; 0.536807 -0.574655 0.617745 4.315502; 0.000000 0.000000 0.000000 1.000000];
cameraVec(151).efl = 1620.8664;
cameraVec(151).u0 = 960;
cameraVec(151).v0 = 671;
cameraVec(151).pose = [-0.998124 0.031071 -0.052761 0.081739; 0.040879 0.979668 -0.196416 0.289143; 0.045586 -0.198204 -0.979100 2.080590; 0.000000 0.000000 0.000000 1.000000];
cameraVec(152).efl = 1620.8664;
cameraVec(152).u0 = 960;
cameraVec(152).v0 = 671;
cameraVec(152).pose = [-0.961766 0.159817 -0.222407 -0.150042; 0.036992 0.880445 0.472703 1.461513; 0.271363 0.446403 -0.852694 2.351157; 0.000000 0.000000 0.000000 1.000000];
cameraVec(153).efl = 1620.8664;
cameraVec(153).u0 = 960;
cameraVec(153).v0 = 671;
cameraVec(153).pose = [-0.197129 -0.593230 0.780525 1.077627; -0.061713 0.802077 0.594024 1.651266; -0.978433 0.068931 -0.194722 3.480314; 0.000000 0.000000 0.000000 1.000000];
cameraVec(154).efl = 1620.8664;
cameraVec(154).u0 = 960;
cameraVec(154).v0 = 671;
cameraVec(154).pose = [-0.955842 0.171913 -0.238352 -0.172050; 0.039690 0.879136 0.474916 1.464532; 0.291188 0.444484 -0.847138 2.355039; 0.000000 0.000000 0.000000 1.000000];
cameraVec(155).efl = 1620.8664;
cameraVec(155).u0 = 960;
cameraVec(155).v0 = 671;
cameraVec(155).pose = [-0.221748 -0.590154 0.776238 1.075759; -0.065093 0.803240 0.592088 1.649116; -0.972929 0.080767 -0.216532 3.446875; 0.000000 0.000000 0.000000 1.000000];
cameraVec(156).efl = 1620.8664;
cameraVec(156).u0 = 960;
cameraVec(156).v0 = 671;
